q1: R2+ (+,a0a0c+) , q2: R5+ (-,a-a-a-)
initial:
[1.00000000e+00 2.67626642e+02 2.81600832e+03 1.36298552e-01
 9.93576284e+02 4.24511673e+02 8.41797779e+02 8.44752746e+01
 5.07102987e+00 1.82699931e+01]
r^2 0.9888560677137458
phase1 (20 iters)
r^2 0.99768913403323
[1.00000000e+00 2.81046445e+02 3.04350132e+03 1.12129638e-01
 9.92456533e+02 2.91494702e+02 8.14328078e+02 3.96315166e+01
 2.28347077e+00 8.27914561e+00]
standard deviations: 
[6.50753933e+00 4.64656744e+01 7.73617296e-03 6.94324441e+00
 2.07440009e+01 4.03511977e+01 3.35259210e+01 1.08408652e+01
 7.14872817e+00]
phase2 (50 iters)
r^2 0.9978995078056435
[1.00000000e+00 2.78339196e+02 3.17340900e+03 9.81681839e-02
 9.90004983e+02 2.47619569e+02 7.72784580e+02 1.59213620e+01
 1.91594281e+00 3.35170338e+00]
standard deviations: 
[2.96769178e+00 1.48324504e+01 3.88437484e-03 5.38033686e+00
 9.97029638e+00 1.39575953e+01 1.49742085e+01 3.92414061e+00
 3.27485025e+00]

Final
r^2 0.9979105160318948

[1.00000000e+00 2.77446103e+02 3.20459929e+03 9.60261565e-02
 9.89396953e+02 2.41657790e+02 7.63793518e+02 5.97990032e+00
 9.86095934e-01 1.27357530e+00]
standard deviations: 
[2.15079071e+00 1.48530998e+01 2.60521201e-03 5.28534475e+00
 7.03532740e+00 7.47436044e+00 1.21858220e+01 1.85697790e+00
 2.38353715e+00]

Certain:
r^2 0.9990943785984567
standard deviations: 
[2.79426782e-02 5.12754613e-02 2.88421708e-05 2.24106845e-02
 5.08618401e-02 2.30893381e-02 6.07804254e-02 1.22289688e-02
 1.22594837e-02]
[1.00000000e+00 2.71873196e+02 3.19449594e+03 9.43275157e-02
 1.01623621e+03 2.44826736e+02 7.46416260e+02 6.87166953e+00
 9.80036601e-01 1.43387005e+00]