q1: - (GM4+, a-a-a-), +; q2: X5+ (+; a0b0c+)

r^2 0.9946387204610088
standard deviations: 
[5.95399978e+00 9.17672598e+00 2.92797074e-03 1.44610652e+00
 1.97021448e+00 6.28122219e+00 1.02360419e+01 5.25248326e+00
 5.40788106e-01]
[ 1.00000000e+00  1.11519915e+02  8.67116394e+03  1.44578637e-01
  1.62921996e+03  1.08750100e+02 -8.91940205e+02  1.51368228e+03
 -4.33360927e+02  7.75977008e+01]
Certain:

r^2 0.9918790675185186
standard deviations: 
[5.32391942e+00 9.24515155e+00 8.17036072e-03 1.62741163e+00
 5.03248521e+00 5.60891702e+00 1.01364390e+01 4.30581387e+00
 4.28155718e-01]
[ 1.00000000e+00  1.17621449e+02  8.67030383e+03  3.02405031e-01
  1.55893091e+03  1.99659115e+02 -9.22755598e+02  1.59903528e+03
 -1.97958207e+02  6.47179832e+01]
