r^2 0.9965682772240505
[1.00000000e+00 7.35886497e+02 4.01851340e+03 0.00000000e+00
 0.00000000e+00 0.00000000e+00 0.00000000e+00 1.15303895e+03
 2.65803511e+02 0.00000000e+00]
standard deviations: 
[N/R, 0.013554   0.16200511, N/R, N/R, N/R 0.09931291 0.0304727 ]

certain: 
r^2 0.9964625782659174
standard deviations: 
[0.01146945 0.1768412  0.17871228 0.04168501]
[1.00000000e+00 7.34981633e+02 3.94635216e+03 0.00000000e+00
 0.00000000e+00 0.00000000e+00 0.00000000e+00 1.18955520e+03
 2.70980310e+02 0.00000000e+00]