r^2 0.9965682772240505
[1.00000000e+00 7.35886497e+02 4.01851340e+03 0.00000000e+00
 0.00000000e+00 0.00000000e+00 0.00000000e+00 1.15303895e+03
 2.65803511e+02 0.00000000e+00]
standard deviations: 
[N/R, 0.013554   0.16200511, N/R, N/R, N/R 0.09931291 0.0304727 ]

certain: 
r^2 0.9934214468790497
standard deviations: 
[0.0153074  0.24805081 0.18665306 0.04342515]
[1.00000000e+00 7.08980701e+02 3.69319146e+03 0.00000000e+00
 0.00000000e+00 0.00000000e+00 0.00000000e+00 1.34347333e+03
 2.59092849e+02 0.00000000e+00]