q2: + (M3+, a0 b+b+), q1: -, R4- (a-b-c-)


r^2 0.9805331547499598
standard deviations: 
[1.81097534e-01 3.53437672e-01 9.12037876e-05 4.03371092e-01
 3.02210578e-02 4.87887718e-01 6.49394545e-01 1.02404702e-01
 7.72187933e-02]
[ 1.00000000e+00  1.05646792e+02  1.81054664e+03  2.49727539e-03
  2.03642499e+02  1.55120300e+00 -2.83061707e+01  1.28865537e+03
 -4.21416809e+02  3.78422104e+01]

certain:
r^2: 0.977006567319259
standard deviations:
[3.08916389e-01 1.35539041e-01 1.49638424e-04 3.75467256e-01
 5.15057817e-02 4.17430004e-01 2.0826220e-01  9.548029e-02 2.637415e-01]
[ 1.00000000e+00  1.23037253e+02  2.30144488e+03  5.29538643e-03
  2.07483156e+02  2.82092098e+00 -4.13471143e+01  8.91664064e+02
 -4.15923437e+02  3.82611850e+01]