r^2 0.9967902014302437
standard deviations: 
[0.16249462 2.33481758 4.42863994 1.52230782]
[1.00000000e+00 8.93661719e+02 2.49586514e+03 0.00000000e+00
 0.00000000e+00 0.00000000e+00 0.00000000e+00 1.72431749e+03
 5.16837685e+02 0.00000000e+00]
Certain:
r^2 0.9845185933876671
standard deviations: 
[ 0.70981427  6.53670921 10.41149752  1.83168286]
[1.00000000e+00 7.93753433e+02 1.84508002e+03 0.00000000e+00
 0.00000000e+00 0.00000000e+00 0.00000000e+00 1.53944448e+03
 3.00134083e+02 0.00000000e+00]