limit + room temp:
r^2 0.9953880111834837
standard deviations: 
[2.54252825 3.51571082 0.01475324 1.42083531 5.9131008  1.93659259
 5.60047548 0.74252639 0.31400832]
[ 1.00000000e+00  1.16183150e+03  6.00146426e+02  3.17088748e-01
  1.38240185e+03  1.28364912e+02 -8.47192886e-07  3.77923463e+03
 -2.08671373e+00  9.99976008e+01]
no limit on step:
r^2 0.9976870846896031
standard deviations: 
[1.06049868 1.02792895 0.00273963 1.25273843 0.8880675  0.84826705
 1.52621348 0.46994837 0.16770855]
[1.00000000e+00 1.17079271e+03 5.99432700e+02 5.28406534e-02
 1.36492143e+03 1.83994291e+01 1.65472449e+01 3.64397619e+03
 3.80106709e+01 7.97424804e+01]
nolimit + no room temp
r^2 0.9984783982063241
[1.20733972 2.0938493  0.00490758 0.78569155 1.54589323 1.37949964
 2.49387591 0.38043171 0.14051537]
[1.00000000e+00 1.14634187e+03 5.27307337e+02 1.04279359e-01
 1.35854080e+03 3.42068943e+01 2.93568557e+01 3.80485514e+03
 3.67747013e+01 8.22216433e+01]

certain (nolimit): 
r^2 0.9984518861450757
standard deviations: 
[2.43633216 2.90917758 0.00765748 3.50963296 4.04830377 1.36427585
 4.22218037 0.68710051 0.38136616]
[ 1.00000000e+00  1.24744438e+03  6.98797923e+02  3.47715018e-02
  1.51814411e+03  1.94357998e+01 -4.90329677e+00  3.65482064e+03
  4.08637151e+01  7.90658024e+01]